     Range       | Approved | Pending | Denied | Rejected | Others | Total I-765 | Handled
120000 - 120999   |   102      97   		  1   		  1   		   2          203           52.22 %
121000 - 121999   |   111      53   		  0   		  0   		   0          164           67.68 %
122000 - 122999   |   164      63   		  0   		  1   		   5          233           72.96 %
123000 - 123999   |   118      62   		  0   		  0   		   3          183           66.12 %
124000 - 124999   |   104      94   		  0   		  4   		   5          207           54.59 %
125000 - 125999   |   53      109   		  0   		  0   		   3          165           33.94 %
126000 - 126999   |   51      174   		  0   		  1   		   7          233           25.32 %
127000 - 127999   |   33      172   		  0   		  0   		   3          208           17.31 %
128000 - 128999   |   12      190   		  0   		  4   		   8          214           11.21 %
