30 April EOD
      Range       | Approved | Pending | Denied | Rejected | Others | Total I-765 | Handled
120000 - 120999   |   102      97    	 	1     1      	2         203       52.22 %
121000 - 121999   |   109      55    	 	0     0      	0         164       66.46 %
122000 - 122999   |   153      75    	 	0     1      	4         233       67.81 %
123000 - 123999   |   113      67    	 	0     0      	3         183       63.39 %
124000 - 124999   |   99       99    	 	0     4      	5         207       52.17 %
125000 - 125999   |   51       111   	 	0     0      	3         165       32.73 %
126000 - 126999   |   43       182      	0     1      	7         233       21.89 %
127000 - 127999   |   27       177      	0     0      	4         208       14.9 %
128000 - 128999   |   12       190      	0     4      	8         214       11.21 %

1 May EOD
     Range        | Approved | Pending | Denied | Rejected | Others | Total I-765 | Handled
120000 - 120999   |   120      79   	     1   	     1   	     2          203         61.08 %
121000 - 121999   |   122      42   	     0   	     0   	     0          164         74.39 %
122000 - 122999   |   177      51   	     0   	     1   	     4          233         78.11 %
123000 - 123999   |   128      53   	     0   	     0   	     2          183         71.04 %
124000 - 124999   |   115      83   	     0   	     4   	     5          207         59.9 %
125000 - 125999   |   60      102   	     0   	     0   	     3          165         38.18 %
126000 - 126999   |   68      156   	     0   	     1   	     8          233         33.05 %
127000 - 127999   |   45      160   	     0   	     0   	     3          208         23.08 %
128000 - 128999   |   17      185   	     0                  4   	     8          214         13.55 %

